BS-3960-0903-P1,,470044.156,4349758.877,3960.611
BS-3960-0903-P2,,470042.734,4349752.715,3960.928
BS-3960-0903-P3,,470046.114,4349755.203,3960.670
BS-3960-0903-P4,,470045.923,4349748.699,3960.854
BS-3960-0903-P5,,470040.961,4349746.171,3960.850
BS-3960-0903-P6,,470046.659,4349744.922,3960.780
BS-3960-0903-P7,,470044.100,4349741.856,3960.766
BS-3960-0903-P8,,470039.533,4349739.888,3960.826
BS-3960-0903-P9,,470041.597,4349738.298,3960.903
BS-3960-0903-P10,,470046.637,4349736.958,3960.696
BS-3960-0903-P11,,470042.833,4349735.257,3960.847
BS-3960-0903-P12,,470038.127,4349733.867,3960.751
BS-3960-0903-P13,,470040.116,4349732.871,3960.875
BS-3960-0903-P14,,470044.377,4349730.699,3960.969
BS-3960-0903-P15,,470040.802,4349728.677,3960.929
BS-3960-0903-P16,,470036.550,4349726.611,3960.903
BS-3960-0903-P17,,470039.512,4349722.334,3960.940
BS-3960-0903-P18,,470043.307,4349724.047,3960.734
BS-3960-0903-P19,,470037.085,4349720.378,3960.699
BS-3960-0903-P20,,470034.890,4349719.063,3960.824
BS-3960-0903-P21,,470040.429,4349717.308,3960.942
BS-3960-0903-P22,,470037.989,4349711.926,3960.879
BS-3960-0903-P23,,470037.570,4349714.811,3960.546
BS-3960-0903-P24,,470033.219,4349712.301,3960.633
BS-3960-0903-P25,,470035.784,4349708.893,3960.664
BS-3960-0903-P26,,470031.487,4349705.587,3960.736
BS-3960-0903-P27,,470033.458,4349702.230,3960.899
BS-3960-0903-P28,,470029.159,4349698.791,3960.830
BS-3960-0903-P29,,470031.178,4349695.516,3960.745
BS-3960-0903-P30,,470027.957,4349692.066,3960.892