PLATFORM,3940
DATE,1004
BENCH_Z,3940.63
HEIGHT,10.00
DENSITY,2.700
HOLE,BS-3940-1004-P1,470087.369,4349652.070,3940.63,1.424
HOLE,BS-3940-1004-P2,470090.941,4349656.303,3940.63,1.910
HOLE,BS-3940-1004-P3,470090.328,4349659.312,3940.63,3.207
HOLE,BS-3940-1004-P4,470094.407,4349662.074,3940.63,1.218
HOLE,BS-3940-1004-P5,470092.321,4349666.316,3940.63,0.910
HOLE,BS-3940-1004-P6,470098.056,4349668.191,3940.63,1.529
HOLE,BS-3940-1004-P7,470094.087,4349672.873,3940.63,0.907
HOLE,BS-3940-1004-P8,470099.198,4349675.547,3940.63,1.058
HOLE,BS-3940-1004-P9,470101.614,4349678.719,3940.63,0.727
HOLE,BS-3940-1004-P10,470096.367,4349679.851,3940.63,0.761
HOLE,BS-3940-1004-P11,470100.375,4349682.444,3940.63,0.965
HOLE,BS-3940-1004-P12,470104.587,4349685.239,3940.63,0.825
HOLE,BS-3940-1004-P13,470098.132,4349686.498,3940.63,0.597
HOLE,BS-3940-1004-P14,470103.082,4349688.933,3940.63,0.842
HOLE,BS-3940-1004-P15,470108.611,4349690.622,3940.63,0.444
HOLE,BS-3940-1004-P16,470099.951,4349692.584,3940.63,0.476
HOLE,BS-3940-1004-P17,470104.844,4349696.018,3940.63,0.390
HOLE,BS-3940-1004-P18,470110.258,4349697.553,3940.63,0.301
HOLE,BS-3940-1004-P19,470114.478,4349699.933,3940.63,0.345
HOLE,BS-3940-1004-P20,470107.090,4349702.191,3940.63,0.913
HOLE,BS-3940-1004-P21,470103.060,4349700.731,3940.63,0.674
HOLE,BS-3940-1004-P22,470104.170,4349706.899,3940.63,0.427
HOLE,BS-3940-1004-P23,470111.674,4349704.625,3940.63,0.894
HOLE,BS-3940-1004-P24,470109.017,4349709.016,3940.63,0.379
HOLE,BS-3940-1004-P25,470113.874,4349711.238,3940.63,0.442
HOLE,BS-3940-1004-P26,470112.825,4349715.517,3940.63,0.879
HOLE,BS-3940-1004-P27,470106.788,4349714.031,3940.63,0.730
HOLE,BS-3940-1004-P28,470107.754,4349720.089,3940.63,1.511
HOLE,BS-3940-1004-P29,470112.986,4349722.450,3940.63,0.737
HOLE,BS-3940-1004-P30,470109.775,4349726.884,3940.63,1.582
HOLE,BS-3940-1004-P31,470119.754,4349731.187,3940.63,0.724
BLOCK,1,1.500-3.000,1.697,206.200
POLY,1,470089.243,4349649.727
POLY,1,470089.006,4349649.556
POLY,1,470088.753,4349649.409
POLY,1,470088.488,4349649.286
POLY,1,470088.211,4349649.191
POLY,1,470087.927,4349649.122
POLY,1,470087.637,4349649.082
POLY,1,470087.345,4349649.070
POLY,1,470087.052,4349649.087
POLY,1,470086.763,4349649.132
POLY,1,470086.480,4349649.205
POLY,1,470086.205,4349649.305
POLY,1,470085.941,4349649.431
POLY,1,470085.691,4349649.583
POLY,1,470085.457,4349649.758
POLY,1,470085.241,4349649.956
POLY,1,470085.045,4349650.173
POLY,1,470084.871,4349650.408
POLY,1,470084.721,4349650.659
POLY,1,470084.596,4349650.924
POLY,1,470084.498,4349651.200
POLY,1,470084.427,4349651.483
POLY,1,470084.384,4349651.773
POLY,1,470084.369,4349652.065
POLY,1,470084.383,4349652.357
POLY,1,470084.425,4349652.647
POLY,1,470084.495,4349652.931
POLY,1,470085.706,4349656.975
POLY,1,470087.759,4349663.829
POLY,1,470090.837,4349662.953
POLY,1,470095.797,4349665.392
POLY,1,470094.541,4349669.234
POLY,1,470097.800,4349671.997
POLY,1,470095.576,4349676.248
POLY,1,470098.792,4349678.363
POLY,1,470104.462,4349674.044
POLY,1,470102.986,4349671.192
POLY,1,470100.721,4349666.812
POLY,1,470100.632,4349666.654
POLY,1,470098.808,4349663.596
POLY,1,470096.983,4349660.537
POLY,1,470096.979,4349660.529
POLY,1,470095.246,4349657.644
POLY,1,470093.513,4349654.758
POLY,1,470093.381,4349654.558
POLY,1,470093.234,4349654.368
POLY,1,470091.448,4349652.252
POLY,1,470089.662,4349650.135
POLY,1,470089.462,4349649.921
POLY,1,470089.243,4349649.727
POLYEND,1
GRID,1,470085.000,4349650.234,470085.000,4349654.617
GRID,1,470086.000,4349649.403,470086.000,4349657.956
GRID,1,470087.000,4349649.095,470087.000,4349661.295
GRID,1,470088.000,4349649.140,470088.000,4349663.760
GRID,1,470089.000,4349649.552,470089.000,4349663.475
GRID,1,470090.000,4349650.536,470090.000,4349663.191
GRID,1,470091.000,4349651.721,470091.000,4349663.033
GRID,1,470092.000,4349652.906,470092.000,4349663.524
GRID,1,470093.000,4349654.091,470093.000,4349664.016
GRID,1,470094.000,4349655.570,470094.000,4349664.508
GRID,1,470095.000,4349657.235,470095.000,4349665.000
GRID,1,470095.000,4349667.830,470095.000,4349669.624
GRID,1,470096.000,4349658.900,470096.000,4349670.471
GRID,1,470096.000,4349675.438,470096.000,4349676.527
GRID,1,470097.000,4349660.565,470097.000,4349671.319
GRID,1,470097.000,4349673.527,470097.000,4349677.184
GRID,1,470098.000,4349662.241,470098.000,4349677.842
GRID,1,470099.000,4349663.918,470099.000,4349678.204
GRID,1,470100.000,4349665.594,470100.000,4349677.442
GRID,1,470101.000,4349667.353,470101.000,4349676.681
GRID,1,470102.000,4349669.286,470102.000,4349675.919
GRID,1,470103.000,4349671.218,470103.000,4349675.157
GRID,1,470104.000,4349673.151,470104.000,4349674.396
GRID,1,470085.201,4349650.000,470089.536,4349650.000
GRID,1,470084.569,4349651.000,470090.391,4349651.000
GRID,1,470084.372,4349652.000,470091.235,4349652.000
GRID,1,470084.516,4349653.000,470092.079,4349653.000
GRID,1,470084.815,4349654.000,470092.923,4349654.000
GRID,1,470085.115,4349655.000,470093.658,4349655.000
GRID,1,470085.414,4349656.000,470094.259,4349656.000
GRID,1,470085.714,4349657.000,470094.859,4349657.000
GRID,1,470086.013,4349658.000,470095.460,4349658.000
GRID,1,470086.313,4349659.000,470096.060,4349659.000
GRID,1,470086.612,4349660.000,470096.661,4349660.000
GRID,1,470086.912,4349661.000,470097.260,4349661.000
GRID,1,470087.211,4349662.000,470097.856,4349662.000
GRID,1,470087.511,4349663.000,470090.671,4349663.000
GRID,1,470090.934,4349663.000,470098.453,4349663.000
GRID,1,470092.967,4349664.000,470099.049,4349664.000
GRID,1,470095.001,4349665.000,470099.646,4349665.000
GRID,1,470095.598,4349666.000,470100.242,4349666.000
GRID,1,470095.271,4349667.000,470100.818,4349667.000
GRID,1,470094.944,4349668.000,470101.335,4349668.000
GRID,1,470094.617,4349669.000,470101.852,4349669.000
GRID,1,470095.444,4349670.000,470102.370,4349670.000
GRID,1,470096.624,4349671.000,470102.887,4349671.000
GRID,1,470097.799,4349672.000,470103.404,4349672.000
GRID,1,470097.276,4349673.000,470103.922,4349673.000
GRID,1,470096.752,4349674.000,470104.439,4349674.000
GRID,1,470096.229,4349675.000,470103.206,4349675.000
GRID,1,470095.706,4349676.000,470101.894,4349676.000
GRID,1,470096.720,4349677.000,470100.581,4349677.000
GRID,1,470098.240,4349678.000,470099.268,4349678.000
LABEL,1,470095.630,4349663.712
DATA,1,206.200,2062.000,5567.400,1.697,9447.878,6
BLOCK,2,1.500-3.000,1.550,84.200
POLY,2,470103.864,4349717.603
POLY,2,470105.883,4349724.344
POLY,2,470106.901,4349727.745
POLY,2,470106.998,4349728.019
POLY,2,470107.121,4349728.282
POLY,2,470107.269,4349728.533
POLY,2,470107.440,4349728.768
POLY,2,470107.633,4349728.985
POLY,2,470107.847,4349729.182
POLY,2,470108.078,4349729.358
POLY,2,470108.326,4349729.511
POLY,2,470108.587,4349729.639
POLY,2,470113.577,4349731.790
POLY,2,470115.395,4349727.574
POLY,2,470109.463,4349723.279
POLY,2,470111.386,4349719.019
POLY,2,470109.324,4349716.733
POLY,2,470103.864,4349717.603
POLYEND,2
GRID,2,470104.000,4349717.582,470104.000,4349718.058
GRID,2,470105.000,4349717.422,470105.000,4349721.397
GRID,2,470106.000,4349717.263,470106.000,4349724.736
GRID,2,470107.000,4349717.103,470107.000,4349728.023
GRID,2,470108.000,4349716.944,470108.000,4349729.299
GRID,2,470109.000,4349716.784,470109.000,4349729.817
GRID,2,470110.000,4349717.482,470110.000,4349722.089
GRID,2,470110.000,4349723.667,470110.000,4349730.248
GRID,2,470111.000,4349718.591,470111.000,4349719.873
GRID,2,470111.000,4349724.391,470111.000,4349730.679
GRID,2,470112.000,4349725.116,470112.000,4349731.110
GRID,2,470113.000,4349725.840,470113.000,4349731.542
GRID,2,470114.000,4349726.564,470114.000,4349730.808
GRID,2,470115.000,4349727.288,470115.000,4349728.489
GRID,2,470107.647,4349717.000,470109.566,4349717.000
GRID,2,470103.983,4349718.000,470110.467,4349718.000
GRID,2,470104.282,4349719.000,470111.369,4349719.000
GRID,2,470104.582,4349720.000,470110.943,4349720.000
GRID,2,470104.881,4349721.000,470110.492,4349721.000
GRID,2,470105.181,4349722.000,470110.040,4349722.000
GRID,2,470105.480,4349723.000,470109.589,4349723.000
GRID,2,470105.780,4349724.000,470110.459,4349724.000
GRID,2,470106.079,4349725.000,470111.840,4349725.000
GRID,2,470106.379,4349726.000,470113.221,4349726.000
GRID,2,470106.678,4349727.000,470114.602,4349727.000
GRID,2,470106.991,4349728.000,470115.211,4349728.000
GRID,2,470107.650,4349729.000,470114.780,4349729.000
GRID,2,470109.425,4349730.000,470114.349,4349730.000
GRID,2,470111.744,4349731.000,470113.917,4349731.000
LABEL,2,470107.961,4349723.811
DATA,2,84.200,842.000,2273.400,1.550,3523.770,2
BLOCK,3,0.500-1.000,0.795,279.795
POLY,3,470091.844,4349677.467
POLY,3,470093.825,4349684.084
POLY,3,470095.754,4349690.524
POLY,3,470099.824,4349689.307
POLY,3,470103.619,4349692.561
POLY,3,470105.109,4349692.190
POLY,3,470106.355,4349688.113
POLY,3,470110.239,4349685.210
POLY,3,470107.524,4349679.962
POLY,3,470104.462,4349674.044
POLY,3,470098.792,4349678.363
POLY,3,470095.576,4349676.248
POLY,3,470097.800,4349671.997
POLY,3,470094.541,4349669.234
POLY,3,470095.797,4349665.392
POLY,3,470090.837,4349662.953
POLY,3,470087.759,4349663.829
POLY,3,470089.763,4349670.521
POLY,3,470091.844,4349677.467
POLYEND,3
GRID,3,470088.000,4349663.760,470088.000,4349664.634
GRID,3,470089.000,4349663.475,470089.000,4349667.973
GRID,3,470090.000,4349663.191,470090.000,4349671.312
GRID,3,470091.000,4349663.033,470091.000,4349674.651
GRID,3,470092.000,4349663.524,470092.000,4349677.990
GRID,3,470093.000,4349664.016,470093.000,4349681.329
GRID,3,470094.000,4349664.508,470094.000,4349684.668
GRID,3,470095.000,4349665.000,470095.000,4349667.830
GRID,3,470095.000,4349669.624,470095.000,4349688.007
GRID,3,470096.000,4349670.471,470096.000,4349675.438
GRID,3,470096.000,4349676.527,470096.000,4349690.450
GRID,3,470097.000,4349671.319,470097.000,4349673.527
GRID,3,470097.000,4349677.184,470097.000,4349690.151
GRID,3,470098.000,4349677.842,470098.000,4349689.852
GRID,3,470099.000,4349678.204,470099.000,4349689.553
GRID,3,470100.000,4349677.442,470100.000,4349689.458
GRID,3,470101.000,4349676.681,470101.000,4349690.316
GRID,3,470102.000,4349675.919,470102.000,4349691.173
GRID,3,470103.000,4349675.157,470103.000,4349692.031
GRID,3,470104.000,4349674.396,470104.000,4349692.466
GRID,3,470105.000,4349675.084,470105.000,4349692.218
GRID,3,470106.000,4349677.017,470106.000,4349689.275
GRID,3,470107.000,4349678.950,470107.000,4349687.631
GRID,3,470108.000,4349680.883,470108.000,4349686.883
GRID,3,470109.000,4349682.816,470109.000,4349686.136
GRID,3,470110.000,4349684.749,470110.000,4349685.388
GRID,3,470090.671,4349663.000,470090.934,4349663.000
GRID,3,470087.810,4349664.000,470092.967,4349664.000
GRID,3,470088.110,4349665.000,470095.001,4349665.000
GRID,3,470088.409,4349666.000,470095.598,4349666.000
GRID,3,470088.709,4349667.000,470095.271,4349667.000
GRID,3,470089.008,4349668.000,470094.944,4349668.000
GRID,3,470089.308,4349669.000,470094.617,4349669.000
GRID,3,470089.607,4349670.000,470095.444,4349670.000
GRID,3,470089.907,4349671.000,470096.624,4349671.000
GRID,3,470090.206,4349672.000,470097.799,4349672.000
GRID,3,470090.506,4349673.000,470097.276,4349673.000
GRID,3,470090.805,4349674.000,470096.752,4349674.000
GRID,3,470091.105,4349675.000,470096.229,4349675.000
GRID,3,470103.206,4349675.000,470104.956,4349675.000
GRID,3,470091.404,4349676.000,470095.706,4349676.000
GRID,3,470101.894,4349676.000,470105.474,4349676.000
GRID,3,470091.704,4349677.000,470096.720,4349677.000
GRID,3,470100.581,4349677.000,470105.991,4349677.000
GRID,3,470092.003,4349678.000,470098.240,4349678.000
GRID,3,470099.268,4349678.000,470106.508,4349678.000
GRID,3,470092.303,4349679.000,470107.026,4349679.000
GRID,3,470092.602,4349680.000,470107.543,4349680.000
GRID,3,470092.902,4349681.000,470108.061,4349681.000
GRID,3,470093.201,4349682.000,470108.578,4349682.000
GRID,3,470093.501,4349683.000,470109.095,4349683.000
GRID,3,470093.800,4349684.000,470109.613,4349684.000
GRID,3,470094.100,4349685.000,470110.130,4349685.000
GRID,3,470094.399,4349686.000,470109.181,4349686.000
GRID,3,470094.699,4349687.000,470107.844,4349687.000
GRID,3,470094.998,4349688.000,470106.506,4349688.000
GRID,3,470095.297,4349689.000,470106.084,4349689.000
GRID,3,470095.597,4349690.000,470097.506,4349690.000
GRID,3,470100.632,4349690.000,470105.779,4349690.000
GRID,3,470101.798,4349691.000,470105.473,4349691.000
GRID,3,470102.964,4349692.000,470105.168,4349692.000
LABEL,3,470102.922,4349677.915
DATA,3,279.795,2797.950,7554.465,0.795,6005.800,15