decoded: gbk
=== 全文（可打印） ===
C:\Users\Administrator\Desktop\选择集对象.3ds, 3DMine String File

file_version=3DMine_2009

1,7,0,1.00,1.00,1.00,0,0.5,0,Continuous,1

0,0,0,0,0,0,0,0,

1,4349697.817380,469971.235350,3945.769530,

1,4349684.992188,469962.592255,1976.018555,

1,4349682.889648,469965.060600,1976.018555,

1,4349680.738281,469964.624439,1976.018555,

1,4349678.787109,469967.415878,1976.018555,

1,4349679.392578,469970.441746,1976.018555,

1,4349680.331055,469977.426788,1976.018555,

1,4349680.372070,469982.781340,1976.018555,

1,4349678.020508,469985.792815,1976.018677,

1,4349675.757813,469986.791698,1976.018677,

1,4349677.142578,469990.301076,1976.018677,

1,4349679.692383,469991.103668,1976.018677,

1,4349685.979490,469988.278320,1976.018555,

1,4349686.224610,469986.339840,3951.103000,

1,4349686.003330,469983.236350,3951.103000,

1,4349685.953150,469982.532575,3951.103000,

1,4349686.953150,469981.163754,3951.103000,

1,4349688.574220,469978.969730,3945.769530,

1,4349690.382810,469975.247070,3945.769530,

1,4349692.910160,469972.060550,3945.769530,

1,4349697.817380,469971.235350,3945.769530,

1,4349697.817380,469971.235350,3945.769530,

0,0.000000,0.000000,0.000000,-1,,1.000000,0.000000,-1.000000,-1.000000,-1.000000

1,4349667.958008,469953.635651,1976.018677,

1,4349665.739258,469950.322762,1976.018555,

1,4349663.158203,469953.899944,1976.018555,

1,4349661.499023,469966.493835,1976.018555,

1,4349662.087891,469972.947510,1976.018555,

1,4349664.111328,469974.888226,1976.018555,

1,4349666.725586,469971.735147,1976.018555,

1,4349669.173828,469969.453312,1976.018555,

1,4349668.426758,469963.893936,1976.018555,

1,4349668.011719,469958.542000,1976.018555,

1,4349667.958008,469953.635651,1976.018677,

1,4349667.958008,469953.635651,1976.018677,

0,0.000000,0.000000,0.000000,-1,,1.000000,0.000000,-1.000000,-1.000000,-1.000000

1,4349684.992188,469962.592255,1976.018555,

1,4349680.930664,469958.362892,1976.018555,

1,4349675.706055,469953.227283,1976.018555,

1,4349669.629883,46994
=== 结构解析 ===
顶点数: 0
=== 段落（顶点之间） ===
  seg0: C:\Users\Administrator\Desktop\选择集对象.3ds, 3DMine String File

file_version=3DMine_2009

1,7,0,1.00,1.00,1.00,0,0.5,0,Continuous,1

0,0,0,0,0,0,0,0,

1,4349697.817380,469971.235350,3945.769530,

1,4349
