BS-3940-1004-P1,,470087.369,4349652.070,3940.215
BS-3940-1004-P2,,470090.941,4349656.303,3940.188
BS-3940-1004-P3,,470090.328,4349659.312,3940.163
BS-3940-1004-P4,,470094.407,4349662.074,3940.185
BS-3940-1004-P5,,470092.321,4349666.316,3940.255
BS-3940-1004-P6,,470098.056,4349668.191,3940.301
BS-3940-1004-P7,,470094.087,4349672.873,3940.836
BS-3940-1004-P8,,470099.198,4349675.547,3940.941
BS-3940-1004-P9,,470101.614,4349678.719,3941.412
BS-3940-1004-P10,,470096.367,4349679.851,3940.958
BS-3940-1004-P11,,470100.375,4349682.444,3940.886
BS-3940-1004-P12,,470104.587,4349685.239,3940.764
BS-3940-1004-P13,,470098.132,4349686.498,3940.833
BS-3940-1004-P14,,470103.082,4349688.933,3940.559
BS-3940-1004-P15,,470108.611,4349690.622,3940.655
BS-3940-1004-P16,,470099.951,4349692.584,3940.554
BS-3940-1004-P17,,470104.844,4349696.018,3940.493
BS-3940-1004-P18,,470110.258,4349697.553,3940.463
BS-3940-1004-P19,,470114.478,4349699.933,3940.469
BS-3940-1004-P20,,470107.090,4349702.191,3940.618
BS-3940-1004-P21,,470103.060,4349700.731,3940.989
BS-3940-1004-P22,,470104.170,4349706.899,3940.626
BS-3940-1004-P23,,470111.674,4349704.625,3940.467
BS-3940-1004-P24,,470109.017,4349709.016,3940.424
BS-3940-1004-P25,,470113.874,4349711.238,3940.526
BS-3940-1004-P26,,470112.825,4349715.517,3940.727
BS-3940-1004-P27,,470106.788,4349714.031,3940.739
BS-3940-1004-P28,,470107.754,4349720.089,3940.724
BS-3940-1004-P29,,470112.986,4349722.450,3940.844
BS-3940-1004-P30,,470109.775,4349726.884,3941.116
BS-3940-1004-P31,,470119.754,4349731.187,3940.633
