BS-3960-0828-FP1,,470033.088,4349689.375,3960.916
BS-3960-0828-FP2,,470036.153,4349687.632,3961.948
BS-3960-0828-FP3,,470041.612,4349690.115,3960.979
BS-3960-0828-FP4,,470051.766,4349692.234,3960.349
BS-3960-0828-FP5,,470053.475,4349688.531,3960.541
BS-3960-0828-FP6,,470057.249,4349688.849,3960.527
BS-3960-0828-FP7,,470056.827,4349692.850,3960.677
BS-3960-0828-FP8,,470049.960,4349695.884,3960.547
BS-3960-0828-FP9,,470044.510,4349695.060,3960.514
BS-3960-0828-FP10,,470039.143,4349693.991,3960.673
BS-3960-0828-FP11,,470034.179,4349692.686,3960.681
BS-3960-0828-FP12,,470037.464,4349698.812,3960.621
BS-3960-0828-FP13,,470042.600,4349699.933,3960.555
BS-3960-0828-FP14,,470047.591,4349701.243,3960.555
BS-3960-0828-FP15,,470054.682,4349697.757,3960.551
BS-3960-0828-FP16,,470059.333,4349698.997,3960.764
BS-3960-0828-FP17,,470061.307,4349705.207,3960.757
BS-3960-0828-FP18,,470052.836,4349702.723,3960.762
BS-3960-0828-FP19,,470044.764,4349706.576,3960.718
BS-3960-0828-FP20,,470040.598,4349704.846,3960.628
BS-3960-0828-FP21,,470043.771,4349711.092,3960.460
BS-3960-0828-FP22,,470050.631,4349707.481,3960.651
BS-3960-0828-FP23,,470055.974,4349708.623,3960.529
BS-3960-0828-FP24,,470060.485,4349710.285,3960.895
BS-3960-0828-FP25,,470059.359,4349714.880,3960.568
BS-3960-0828-FP26,,470053.920,4349714.142,3960.486
BS-3960-0828-FP27,,470048.850,4349712.492,3960.534
BS-3960-0828-FP28,,470047.043,4349717.507,3960.508
BS-3960-0828-FP29,,470057.030,4349720.327,3960.584
BS-3960-0828-FP30,,470059.156,4349722.687,3960.502
BS-3960-0828-FP31,,470059.820,4349727.272,3960.532
BS-3960-0828-FP32,,470055.320,4349726.292,3960.615
BS-3960-0828-FP33,,470049.991,4349724.254,3960.486
BS-3960-0828-FP34,,470053.178,4349730.100,3960.691
BS-3960-0828-FP35,,470058.224,4349731.258,3960.852
BS-3960-0828-FP36,,470055.910,4349736.362,3960.872
BS-3960-0828-FP37,,470059.870,4349740.734,3961.148
BS-3960-0828-FP38,,470062.644,4349748.407,3960.908
BS-3960-0828-FP39,,470061.553,4349737.940,3961.198
BS-3960-0828-FP40,,470062.038,4349729.257,3960.617
