BS-3960-0913-P1,,470013.122,4349739.567,3960.843
BS-3960-0913-P2,,470012.439,4349735.127,3960.983
BS-3960-0913-P3,,470008.312,4349734.589,3960.978
BS-3960-0913-P4,,470011.766,4349731.152,3960.912
BS-3960-0913-P5,,470008.936,4349729.481,3960.944
BS-3960-0913-P6,,470011.843,4349727.480,3960.755
BS-3960-0913-P7,,470003.499,4349729.542,3960.865
BS-3960-0913-P8,,470009.254,4349724.596,3960.734
BS-3960-0913-P9,,470004.276,4349724.245,3960.731
BS-3960-0913-P10,,469998.643,4349724.116,3960.935
BS-3960-0913-P11,,470004.366,4349719.286,3960.808
BS-3960-0913-P12,,469999.707,4349719.354,3960.882
BS-3960-0913-P13,,469994.395,4349719.830,3961.105
BS-3960-0913-P14,,470001.912,4349715.539,3960.966
BS-3960-0913-P15,,469999.591,4349713.687,3960.818
BS-3960-0913-P16,,469994.876,4349714.222,3961.059
BS-3960-0913-P17,,469989.453,4349714.574,3961.342
BS-3960-0913-P18,,469989.780,4349709.572,3961.289
BS-3960-0913-P19,,469994.901,4349709.026,3961.029
BS-3960-0913-P20,,469999.732,4349708.447,3960.868
BS-3960-0913-P21,,469999.100,4349704.327,3960.980
BS-3960-0913-P22,,469995.283,4349703.291,3961.077
BS-3960-0913-P23,,469990.069,4349704.099,3961.301
BS-3960-0913-P24,,469984.157,4349708.951,3961.368
BS-3960-0913-P25,,469980.233,4349704.511,3961.062
BS-3960-0913-P26,,469985.047,4349704.153,3961.186
BS-3960-0913-P27,,469989.282,4349698.582,3961.213
BS-3960-0913-P28,,469984.906,4349699.232,3961.034
BS-3960-0913-P29,,469980.408,4349699.070,3961.091
BS-3960-0913-P30,,469975.222,4349699.464,3961.041
BS-3960-0913-P31,,469970.100,4349693.786,3961.048
BS-3960-0913-P32,,469977.041,4349694.538,3961.004
BS-3960-0913-P33,,469980.471,4349693.937,3960.945
BS-3960-0913-P34,,469986.343,4349694.384,3960.865
BS-3960-0913-P35,,469981.464,4349689.516,3961.101
BS-3960-0913-P36,,469975.813,4349688.961,3960.980
BS-3960-0913-P37,,469970.859,4349689.033,3960.862
BS-3960-0913-P38,,469965.577,4349688.382,3961.184
