BS-3960-0824-P1,,470062.889,4349698.624,3960.791
BS-3960-0824-P2,,470063.914,4349705.252,3960.710
BS-3960-0824-P3,,470064.543,4349712.629,3960.440
BS-3960-0824-P4,,470065.187,4349719.361,3960.551
BS-3960-0824-P5,,470066.260,4349726.234,3960.557
BS-3960-0824-P6,,470066.860,4349733.230,3960.719
BS-3960-0824-P7,,470067.645,4349740.239,3960.695
BS-3960-0824-P8,,470068.516,4349746.944,3960.671
BS-3960-0824-P9,,470069.481,4349754.214,3960.026
BS-3960-0824-P10,,470069.989,4349761.139,3959.039
BS-3960-0824-P11,,470070.798,4349767.972,3957.761
BS-3960-0824-P12,,470071.654,4349774.893,3956.913
BS-3960-0824-P13,,470076.142,4349767.125,3958.107
BS-3960-0824-P14,,470074.091,4349764.333,3958.500
BS-3960-0824-P15,,470076.515,4349760.249,3959.186
BS-3960-0824-P16,,470073.444,4349757.162,3959.415
BS-3960-0824-P17,,470076.954,4349753.435,3959.736
BS-3960-0824-P18,,470072.724,4349750.115,3960.263
BS-3960-0824-P19,,470078.976,4349749.488,3960.122
BS-3960-0824-P20,,470076.234,4349746.136,3960.307
BS-3960-0824-P21,,470071.836,4349743.124,3960.486
BS-3960-0824-P22,,470075.501,4349739.233,3960.502
BS-3960-0824-P23,,470071.017,4349736.324,3960.866
BS-3960-0824-P24,,470078.161,4349735.331,3960.595
BS-3960-0824-P25,,470074.698,4349732.385,3960.721
BS-3960-0824-P26,,470070.425,4349729.048,3960.786
BS-3960-0824-P27,,470073.709,4349725.396,3960.585
BS-3960-0824-P28,,470078.161,4349728.496,3960.735
BS-3960-0824-P29,,470080.557,4349724.470,3960.593
BS-3960-0824-P30,,470077.317,4349721.526,3960.595
BS-3960-0824-P31,,470073.062,4349718.452,3960.582
BS-3960-0824-P32,,470069.272,4349721.414,3960.401
BS-3960-0824-P33,,470068.929,4349715.067,3960.756
BS-3960-0824-P34,,470067.685,4349708.920,3960.898
BS-3960-0824-P35,,470071.726,4349711.098,3960.847
BS-3960-0824-P36,,470076.678,4349714.399,3960.912
BS-3960-0824-P37,,470081.034,4349717.257,3960.661
BS-3960-0824-P38,,470080.082,4349710.683,3960.897
BS-3960-0824-P39,,470075.968,4349707.410,3961.033
BS-3960-0824-P40,,470071.412,4349704.505,3961.013
BS-3960-0824-P41,,470066.898,4349701.427,3960.875
BS-3960-0824-P42,,470066.352,4349694.471,3960.712
BS-3960-0824-P43,,470070.328,4349697.717,3960.978
BS-3960-0824-P44,,470073.211,4349693.926,3961.177
BS-3960-0824-P45,,470069.588,4349691.744,3960.837
BS-3960-0824-P46,,470074.885,4349700.409,3961.073
BS-3960-0824-P47,,470078.461,4349696.699,3960.937
BS-3960-0824-P48,,470079.477,4349703.700,3961.087
BS-3960-0824-P49,,470083.881,4349706.429,3960.816
BS-3960-0824-P50,,470086.719,4349702.777,3960.668
BS-3960-0824-P51,,470082.546,4349699.661,3961.036
BS-3960-0824-P52,,470086.438,4349695.475,3961.005
BS-3960-0824-P53,,470083.026,4349693.482,3960.968