BS-3960-1008-P1,,469959.198,4349750.877,3960.937
BS-3960-1008-P2,,469955.201,4349755.664,3961.141
BS-3960-1008-P3,,469950.011,4349764.430,3961.151
BS-3960-1008-P4,,469949.278,4349760.842,3961.174
BS-3960-1008-P5,,469949.244,4349760.666,3961.228
BS-3960-1008-P6,,469955.664,4349750.345,3961.109
BS-3960-1008-P7,,469955.338,4349746.044,3960.919
BS-3960-1008-P8,,469950.985,4349745.243,3960.980
BS-3960-1008-P9,,469950.381,4349750.531,3961.120
BS-3960-1008-P10,,469945.189,4349750.519,3961.153
BS-3960-1008-P11,,469944.633,4349755.809,3961.297
BS-3960-1008-P12,,469939.949,4349750.647,3961.119
BS-3960-1008-P13,,469940.191,4349745.485,3961.103
BS-3960-1008-P14,,469945.794,4349745.196,3961.029
BS-3960-1008-P15,,469950.279,4349741.069,3960.976
BS-3960-1008-P16,,469946.587,4349740.220,3960.985
BS-3960-1008-P17,,469945.385,4349736.092,3960.984
BS-3960-1008-P18,,469940.972,4349740.232,3961.071
BS-3960-1008-P19,,469934.485,4349744.785,3961.264
BS-3960-1008-P20,,469935.537,4349739.994,3961.073
BS-3960-1008-P21,,469941.475,4349734.977,3961.058
BS-3960-1008-P22,,469941.582,4349729.994,3961.218
BS-3960-1008-P23,,469940.353,4349726.137,3961.198
BS-3960-1008-P24,,469936.944,4349730.075,3961.247
BS-3960-1008-P25,,469936.146,4349735.035,3961.097
BS-3960-1008-P26,,469930.211,4349740.147,3961.093
BS-3960-1008-P27,,469925.537,4349735.175,3961.558
BS-3960-1008-P28,,469930.962,4349735.294,3961.409
BS-3960-1008-P29,,469931.099,4349729.725,3961.534
BS-3960-1008-P30,,469937.355,4349724.338,3961.198
BS-3960-1008-P31,,469931.255,4349725.555,3961.263
BS-3960-1008-P32,,469926.177,4349730.252,3961.620
BS-3960-1008-P33,,469921.006,4349729.918,3961.622
BS-3960-1008-P34,,469921.587,4349724.969,3961.798
BS-3960-1008-P35,,469926.764,4349724.831,3961.637
BS-3960-1008-P36,,469932.658,4349719.468,3961.429
BS-3960-1008-P37,,469927.126,4349719.422,3961.725
BS-3960-1008-P38,,469927.157,4349719.509,3961.736
BS-3960-1008-P39,,469925.713,4349716.259,3961.702
BS-3960-1008-P40,,469921.849,4349719.595,3961.730
BS-3960-1008-P41,,469915.698,4349724.677,3961.626
BS-3960-1008-P42,,469916.924,4349719.667,3961.738
BS-3960-1008-P43,,469911.233,4349720.360,3961.700
BS-3960-1008-P44,,469911.124,4349715.501,3962.013
BS-3960-1008-P45,,469917.600,4349714.605,3961.649
BS-3960-1008-P46,,469923.445,4349710.019,3961.948
BS-3960-1008-P47,,469918.229,4349703.151,3962.107
BS-3960-1008-P48,,469914.125,4349701.334,3962.304
BS-3960-1008-P49,,469908.042,4349699.139,3962.117
BS-3960-1008-P50,,469908.664,4349697.037,3962.112
BS-3960-1008-P51,,469903.154,4349698.027,3962.183
BS-3960-1008-P52,,469901.630,4349694.197,3962.092
BS-3960-1008-P53,,469899.001,4349690.976,3962.618
BS-3960-1008-P54,,469898.152,4349693.524,3962.332
BS-3960-1008-P55,,469892.418,4349695.569,3961.904
BS-3960-1008-P56,,469890.864,4349693.241,3961.974
BS-3960-1008-P57,,469887.461,4349694.340,3962.001
BS-3960-1008-P58,,469892.610,4349699.560,3961.728
BS-3960-1008-P59,,469897.070,4349698.510,3962.037
BS-3960-1008-P60,,469896.801,4349703.975,3962.057
BS-3960-1008-P61,,469901.746,4349704.677,3961.945
BS-3960-1008-P62,,469902.454,4349709.132,3961.924
BS-3960-1008-P63,,469907.536,4349703.938,3961.966
BS-3960-1008-P64,,469906.792,4349710.179,3961.964
BS-3960-1008-P65,,469906.429,4349714.648,3961.893
BS-3960-1008-P66,,469912.629,4349711.020,3961.934
BS-3960-1008-P67,,469918.070,4349709.971,3962.286
