BS-3940-1008-P1,,470103.985,4349729.200,3940.856
BS-3940-1008-P2,,470106.211,4349731.335,3940.788
BS-3940-1008-P3,,470103.381,4349733.749,3941.177
BS-3940-1008-P4,,470104.256,4349736.512,3941.312
BS-3940-1008-P5,,470101.210,4349739.658,3941.502
BS-3940-1008-P6,,470103.823,4349744.230,3941.510
BS-3940-1008-P7,,470099.441,4349746.238,3941.667
BS-3940-1008-P8,,470101.988,4349750.804,3941.372
BS-3940-1008-P9,,470106.534,4349750.135,3941.717
BS-3940-1008-P10,,470109.801,4349753.499,3941.349
BS-3940-1008-P11,,470105.130,4349755.804,3941.392
BS-3940-1008-P12,,470097.420,4349753.810,3941.764
BS-3940-1008-P13,,470100.205,4349758.128,3941.618
BS-3940-1008-P14,,470095.712,4349760.476,3941.274
BS-3940-1008-P15,,470103.208,4349762.470,3941.419
BS-3940-1008-P16,,470108.050,4349760.481,3941.094
BS-3940-1008-P17,,470111.965,4349758.650,3941.118
BS-3940-1008-P18,,470112.541,4349754.645,3941.427
BS-3940-1008-P19,,470111.160,4349764.446,3940.862
BS-3940-1008-P20,,470112.170,4349768.548,3940.612
BS-3940-1008-P21,,470106.285,4349766.593,3941.086
BS-3940-1008-P22,,470098.497,4349765.264,3941.432
BS-3940-1008-P23,,470094.230,4349767.036,3941.390
BS-3940-1008-P24,,470096.895,4349771.532,3941.113
BS-3940-1008-P25,,470096.965,4349771.688,3940.979
BS-3940-1008-P26,,470100.964,4349770.613,3941.162
BS-3940-1008-P27,,470104.749,4349773.513,3940.600
BS-3940-1008-P28,,470109.337,4349771.284,3940.505
BS-3940-1008-P29,,470111.326,4349775.374,3940.324
BS-3940-1008-P30,,470108.195,4349777.919,3940.423
BS-3940-1008-P31,,470110.014,4349782.067,3940.067
BS-3940-1008-P32,,470106.476,4349784.833,3940.157
BS-3940-1008-P33,,470102.967,4349780.452,3940.130
BS-3940-1008-P34,,470099.526,4349776.278,3940.640
BS-3940-1008-P35,,470092.056,4349774.187,3941.337
BS-3940-1008-P36,,470094.937,4349778.668,3941.063
BS-3940-1008-P37,,470090.505,4349781.011,3941.523
BS-3940-1008-P38,,470093.686,4349785.104,3940.925
BS-3940-1008-P39,,470098.226,4349783.014,3940.163
BS-3940-1008-P40,,470101.048,4349787.151,3939.830
BS-3940-1008-P41,,470096.447,4349789.580,3939.867
BS-3940-1008-P42,,470092.227,4349791.899,3940.900
BS-3940-1008-P43,,470088.840,4349787.739,3941.523
BS-3940-1008-P44,,470088.817,4349787.742,3941.513
BS-3940-1008-P45,,470088.515,4349795.119,3940.470
BS-3940-1008-P46,,470090.564,4349797.971,3940.326
BS-3940-1008-P47,,470086.035,4349801.444,3940.996
BS-3940-1008-P48,,470087.604,4349804.346,3941.132
BS-3940-1008-P49,,470085.262,4349806.781,3941.608
BS-3940-1008-P50,,470093.338,4349796.206,3940.388