BS-3960-0907-P1,,470035.419,4349760.664,3960.732
BS-3960-0907-P2,,470034.450,4349757.868,3960.799
BS-3960-0907-P3,,470033.997,4349753.745,3960.828
BS-3960-0907-P4,,470030.861,4349751.817,3960.960
BS-3960-0907-P5,,470032.617,4349746.374,3960.881
BS-3960-0907-P6,,470028.088,4349745.074,3961.014
BS-3960-0907-P7,,470033.639,4349741.764,3960.909
BS-3960-0907-P8,,470029.050,4349740.564,3961.098
BS-3960-0907-P9,,470033.600,4349738.438,3960.866
BS-3960-0907-P10,,470031.229,4349735.632,3961.064
BS-3960-0907-P11,,470024.478,4349739.447,3961.034
BS-3960-0907-P12,,470026.363,4349734.569,3961.044
BS-3960-0907-P13,,470020.834,4349732.836,3961.027
BS-3960-0907-P14,,470028.562,4349730.392,3960.914
BS-3960-0907-P15,,470031.592,4349731.003,3960.655
BS-3960-0907-P16,,470028.084,4349725.017,3960.541
BS-3960-0907-P17,,470022.589,4349728.291,3960.901
BS-3960-0907-P18,,470017.931,4349727.059,3960.983
BS-3960-0907-P19,,470024.675,4349723.145,3960.743
BS-3960-0907-P20,,470029.354,4349720.285,3960.284
BS-3960-0907-P21,,470026.176,4349718.271,3960.631
BS-3960-0907-P22,,470019.423,4349721.596,3960.726
BS-3960-0907-P23,,470021.246,4349717.053,3960.741
BS-3960-0907-P24,,470027.038,4349713.735,3960.469
BS-3960-0907-P25,,470014.598,4349720.596,3960.750
BS-3960-0907-P26,,470016.815,4349716.090,3960.861
BS-3960-0907-P27,,470022.813,4349711.910,3960.746
BS-3960-0907-P28,,470024.799,4349707.072,3960.655
BS-3960-0907-P29,,470018.402,4349711.009,3960.724
BS-3960-0907-P30,,470010.944,4349714.598,3960.782
BS-3960-0907-P31,,470012.827,4349709.669,3960.853
BS-3960-0907-P32,,470020.149,4349706.664,3960.801
BS-3960-0907-P33,,470024.975,4349703.612,3960.554
BS-3960-0907-P34,,470025.470,4349700.048,3960.423
BS-3960-0907-P35,,470021.581,4349701.063,3960.641
BS-3960-0907-P36,,470014.571,4349704.527,3960.754
BS-3960-0907-P37,,470007.536,4349708.449,3960.803
BS-3960-0907-P38,,470010.167,4349702.860,3960.810
BS-3960-0907-P39,,470016.538,4349700.066,3960.688
BS-3960-0907-P40,,470019.894,4349697.352,3960.605
BS-3960-0907-P41,,470022.777,4349695.739,3960.221
BS-3960-0907-P42,,470014.766,4349697.024,3960.677
BS-3960-0907-P43,,470011.502,4349698.691,3960.671
BS-3960-0907-P44,,470004.808,4349702.756,3960.909
BS-3960-0907-P45,,470019.177,4349694.898,3960.678
BS-3960-0907-P46,,470013.060,4349693.864,3960.687
BS-3960-0907-P47,,470016.055,4349692.060,3960.834
BS-3960-0907-P48,,470020.238,4349690.478,3960.747
BS-3960-0907-P49,,470021.800,4349685.308,3960.207
BS-3960-0907-P50,,470019.230,4349681.074,3960.608
BS-3960-0907-P51,,470016.927,4349683.483,3960.640
BS-3960-0907-P52,,470014.983,4349681.375,3960.851
BS-3960-0907-P53,,470015.072,4349689.059,3960.823
BS-3960-0907-P54,,470011.983,4349682.830,3960.857
BS-3960-0907-P55,,470009.922,4349687.278,3960.758
BS-3960-0907-P56,,470007.294,4349682.183,3960.309
BS-3960-0907-P57,,470002.168,4349682.331,3960.536
BS-3960-0907-P58,,469997.560,4349680.999,3960.252
BS-3960-0907-P59,,469993.710,4349683.504,3960.758
BS-3960-0907-P60,,469996.211,4349686.758,3960.945
BS-3960-0907-P61,,469999.801,4349684.859,3960.750
BS-3960-0907-P62,,469998.475,4349689.878,3961.019
BS-3960-0907-P63,,470004.743,4349686.681,3960.875
BS-3960-0907-P64,,470003.121,4349691.420,3960.911
BS-3960-0907-P65,,470000.150,4349694.286,3960.842
BS-3960-0907-P66,,470022.453,4349682.572,3960.639

