BS-3960-0919-P1,,470037.773,4349766.721,3958.119
BS-3960-0919-P2,,470041.972,4349771.771,3957.176
BS-3960-0919-P3,,470036.151,4349772.116,3957.389
BS-3960-0919-P4,,470040.971,4349777.040,3956.147
BS-3960-0919-P5,,470044.602,4349778.898,3955.715
BS-3960-0919-P6,,470040.088,4349782.243,3955.379
BS-3960-0919-P7,,470040.088,4349786.404,3954.742
BS-3960-0919-P8,,470044.981,4349787.641,3954.332
BS-3960-0919-P9,,470046.467,4349794.668,3955.417
BS-3960-0919-P10,,470043.464,4349793.341,3955.035
BS-3960-0919-P11,,470042.376,4349798.736,3955.864
BS-3960-0919-P12,,470038.277,4349792.658,3956.207
BS-3960-0919-P13,,470033.749,4349787.094,3957.292
BS-3960-0919-P14,,470035.022,4349781.739,3958.061
BS-3960-0919-P15,,470030.777,4349776.083,3959.266
BS-3960-0919-P16,,470024.834,4349776.299,3959.254
BS-3960-0919-P17,,470031.238,4349771.234,3959.566
BS-3960-0919-P18,,470026.428,4349771.326,3959.931
BS-3960-0919-P19,,470020.866,4349771.168,3960.034
BS-3960-0919-P20,,470027.022,4349765.975,3960.251
BS-3960-0919-P21,,470031.668,4349766.266,3959.730
BS-3960-0919-P22,,470027.880,4349760.570,3960.325
BS-3960-0919-P23,,470021.570,4349765.463,3960.428
BS-3960-0919-P24,,470017.691,4349764.594,3960.844
BS-3960-0919-P25,,470022.739,4349760.300,3960.809
BS-3960-0919-P26,,470023.424,4349755.095,3960.850
BS-3960-0919-P27,,470018.037,4349754.884,3960.664
BS-3960-0919-P28,,470017.288,4349760.060,3960.616
BS-3960-0919-P29,,470012.138,4349760.172,3960.777
BS-3960-0919-P30,,470012.635,4349754.693,3960.571
BS-3960-0919-P31,,470018.611,4349749.652,3960.569
BS-3960-0919-P32,,470013.657,4349749.647,3960.661
BS-3960-0919-P33,,470007.349,4349754.517,3960.707
BS-3960-0919-P34,,470008.342,4349749.571,3960.875
BS-3960-0919-P35,,470008.744,4349744.860,3960.693
BS-3960-0919-P36,,470004.541,4349744.926,3960.907
BS-3960-0919-P37,,470003.028,4349749.073,3960.598
BS-3960-0919-P38,,469998.705,4349743.630,3960.565
BS-3960-0919-P39,,470004.337,4349739.720,3960.836
BS-3960-0919-P40,,469999.828,4349739.781,3960.870
BS-3960-0919-P41,,469997.723,4349735.948,3960.865
BS-3960-0919-P42,,469994.324,4349738.337,3960.890
BS-3960-0919-P43,,469994.661,4349733.340,3960.839
BS-3960-0919-P44,,469989.879,4349732.892,3961.139
BS-3960-0919-P45,,469991.148,4349727.443,3960.709
BS-3960-0919-P46,,469985.132,4349727.036,3961.341
BS-3960-0919-P47,,469985.790,4349723.082,3961.175
BS-3960-0919-P48,,469982.269,4349718.867,3961.273
