BS-3960-0901-P1,,470048.266,4349790.365,3956.359
BS-3960-0901-P2,,470048.371,4349783.341,3956.367
BS-3960-0901-P3,,470048.975,4349775.869,3956.633
BS-3960-0901-P4,,470050.430,4349769.031,3957.659
BS-3960-0901-P5,,470050.912,4349762.138,3958.713
BS-3960-0901-P6,,470051.024,4349755.250,3960.402
BS-3960-0901-P7,,470051.758,4349747.619,3960.899
BS-3960-0901-P8,,470051.855,4349741.962,3960.604
BS-3960-0901-P9,,470054.690,4349745.019,3960.843
BS-3960-0901-P10,,470056.523,4349748.449,3960.826
BS-3960-0901-P11,,470055.161,4349751.981,3960.679
BS-3960-0901-P12,,470054.390,4349759.116,3959.742
BS-3960-0901-P13,,470054.370,4349766.285,3958.055
BS-3960-0901-P14,,470053.867,4349772.892,3956.976
BS-3960-0901-P15,,470052.892,4349780.225,3956.247
BS-3960-0901-P16,,470052.309,4349787.380,3955.760
BS-3960-0901-P17,,470051.740,4349790.381,3955.930
BS-3960-0901-P18,,470054.094,4349783.235,3956.240
BS-3960-0901-P19,,470055.403,4349776.511,3956.715
BS-3960-0901-P20,,470057.659,4349769.880,3957.382
BS-3960-0901-P21,,470058.636,4349763.089,3959.199
BS-3960-0901-P22,,470061.553,4349763.399,3958.931
BS-3960-0901-P23,,470062.220,4349759.819,3959.694
BS-3960-0901-P24,,470059.333,4349755.789,3960.206
BS-3960-0901-P25,,470059.301,4349752.781,3960.399