BS-3960-0922-P61,,469957.639,4349706.176,3961.302
BS-3960-0922-P62,,469962.700,4349706.519,3961.249
BS-3960-0922-P63,,469967.846,4349706.619,3960.958
BS-3960-0922-P64,,469970.902,4349706.833,3961.037
BS-3960-0922-P65,,469969.221,4349702.589,3961.288
BS-3960-0922-P66,,469964.300,4349701.640,3961.209
BS-3960-0922-P67,,469958.852,4349700.861,3961.391
BS-3960-0922-P68,,469953.860,4349700.198,3961.470
BS-3960-0922-P69,,469954.757,4349695.059,3961.431
BS-3960-0922-P70,,469960.198,4349696.085,3961.165
BS-3960-0922-P71,,469964.926,4349696.922,3961.311
BS-3960-0922-P72,,469962.295,4349690.772,3961.013
BS-3960-0922-P73,,469956.515,4349689.891,3961.439
BS-3960-0922-P74,,469951.058,4349693.814,3961.570
BS-3960-0922-P75,,469951.684,4349690.204,3961.383
BS-3960-0922-P76,,469947.929,4349688.825,3961.426
BS-3960-0922-P77,,469946.729,4349685.263,3961.663
BS-3960-0922-P78,,469944.185,4349683.153,3961.560
BS-3960-0922-P79,,469950.703,4349681.401,3961.534