BSS-3940-0922-P1,,470105.381,4349646.761,3940.383
BSS-3940-0922-P2,,470102.864,4349642.963,3940.479
BSS-3940-0922-P3,,470099.082,4349645.082,3940.317
BSS-3940-0922-P4,,470100.013,4349640.178,3940.300
BSS-3940-0922-P5,,470096.745,4349640.334,3940.239
BSS-3940-0922-P6,,470097.128,4349634.687,3940.113
BSS-3940-0922-P7,,470094.672,4349635.118,3940.668
BSS-3940-0922-P8,,470092.043,4349642.796,3940.295
BSS-3940-0922-P9,,470087.191,4349641.925,3940.527
BSS-3940-0922-P10,,470089.926,4349638.452,3940.550
BSS-3940-0922-P11,,470091.480,4349632.669,3940.657
BSS-3940-0922-P12,,470087.979,4349633.233,3940.761
BSS-3940-0922-P13,,470084.852,4349630.609,3940.830
BSS-3940-0922-P14,,470081.297,4349630.865,3940.492
BSS-3940-0922-P15,,470076.900,4349634.019,3940.269
BSS-3940-0922-P16,,470080.153,4349639.678,3940.678
BSS-3940-0922-P17,,470083.442,4349636.831,3940.722
