BS-3940-0915-P1,,470068.592,4349643.299,3941.101
BS-3940-0915-P2,,470061.158,4349642.735,3941.193
BS-3940-0915-P3,,470057.437,4349644.451,3940.918
BS-3940-0915-P4,,470054.859,4349642.006,3940.853
BS-3940-0915-P5,,470047.507,4349641.222,3940.680
BS-3940-0915-P6,,470039.532,4349640.434,3940.288
BS-3940-0915-P7,,470043.399,4349641.861,3940.425
BS-3940-0915-P8,,470036.372,4349641.350,3940.274
BS-3940-0915-P9,,470033.064,4349641.167,3940.213
BS-3940-0915-P10,,470030.057,4349641.477,3940.064
BS-3940-0915-P11,,470025.798,4349640.181,3940.000
BS-3940-0915-P12,,470022.998,4349640.766,3939.534
BS-3940-0915-P13,,470020.795,4349640.988,3939.326
BS-3940-0915-P14,,470014.440,4349644.685,3938.350
BS-3940-0915-P15,,470011.799,4349640.741,3938.425
BS-3940-0915-P16,,470015.607,4349641.245,3938.750
BS-3940-0915-P17,,470008.579,4349643.933,3937.956
BS-3940-0915-P18,,470006.442,4349642.864,3937.853
BS-3940-0915-P19,,470003.539,4349644.037,3937.574
BS-3940-0915-P20,,470020.681,4349646.444,3938.998
BS-3940-0915-P21,,470028.325,4349647.480,3939.775
BS-3940-0915-P22,,470026.141,4349642.690,3939.874
BS-3940-0915-P23,,470032.641,4349644.231,3940.356
BS-3940-0915-P24,,470035.116,4349648.518,3940.095
BS-3940-0915-P25,,470039.421,4349645.509,3940.304
BS-3940-0915-P26,,470041.997,4349649.835,3940.263
BS-3940-0915-P27,,470046.615,4349646.667,3940.534
BS-3940-0915-P28,,470050.741,4349643.295,3940.696
BS-3940-0915-P29,,470053.996,4349647.888,3940.783
BS-3940-0915-P30,,470060.398,4349649.409,3940.900
BS-3940-0915-P31,,470064.540,4349646.067,3941.067
BS-3940-0915-P32,,470071.356,4349647.474,3940.927
BS-3940-0915-P33,,470067.584,4349650.190,3940.820
BS-3940-0915-P34,,470074.213,4349652.075,3940.811
BS-3940-0915-P35,,470069.697,4349655.003,3940.546
BS-3940-0915-P36,,470062.867,4349653.952,3940.742
BS-3940-0915-P37,,470055.991,4349652.737,3940.750
BS-3940-0915-P38,,470048.992,4349651.461,3940.596
BS-3940-0915-P39,,470044.760,4349654.925,3940.209
BS-3940-0915-P40,,470038.051,4349654.012,3939.980
BS-3940-0915-P41,,470031.815,4349652.543,3939.726
BS-3940-0915-P42,,470025.853,4349651.147,3939.732
BS-3940-0915-P43,,470017.324,4349649.437,3938.734
BS-3940-0915-P44,,470052.192,4349655.979,3940.817
BS-3940-0915-P45,,470058.900,4349657.158,3940.772
BS-3940-0915-P46,,470063.823,4349658.416,3940.486
BS-3940-0915-P47,,470072.555,4349659.791,3940.674