BS-3940-1003-P1,,470067.707,4349678.238,3941.116
BS-3940-1003-P2,,470069.285,4349674.885,3940.991
BS-3940-1003-P3,,470069.319,4349671.160,3940.875
BS-3940-1003-P4,,470067.094,4349666.186,3940.755
BS-3940-1003-P5,,470060.573,4349664.317,3940.979
BS-3940-1003-P6,,470062.658,4349668.971,3940.966
BS-3940-1003-P7,,470065.798,4349673.784,3941.060
BS-3940-1003-P8,,470061.033,4349676.687,3941.101
BS-3940-1003-P9,,470058.490,4349671.922,3941.198
BS-3940-1003-P10,,470056.688,4349667.340,3941.189
BS-3940-1003-P11,,470057.294,4349662.037,3940.854
BS-3940-1003-P12,,470053.097,4349662.767,3941.180
BS-3940-1003-P13,,470051.568,4349670.045,3941.285
BS-3940-1003-P14,,470054.268,4349674.929,3941.160
BS-3940-1003-P15,,470047.528,4349672.910,3941.249
BS-3940-1003-P16,,470045.474,4349668.240,3941.328
BS-3940-1003-P17,,470049.324,4349665.318,3941.230
BS-3940-1003-P18,,470051.468,4349660.404,3941.363
BS-3940-1003-P19,,470048.137,4349661.013,3941.217
BS-3940-1003-P20,,470044.475,4349659.507,3941.219
BS-3940-1003-P21,,470042.227,4349663.998,3941.609
BS-3940-1003-P22,,470041.279,4349670.382,3941.099
BS-3940-1003-P23,,470038.767,4349666.532,3941.538
BS-3940-1003-P24,,470040.267,4349659.155,3941.463
BS-3940-1003-P25,,470036.973,4349661.887,3941.423
BS-3940-1003-P26,,470034.142,4349669.734,3941.485
BS-3940-1003-P27,,470031.537,4349665.413,3941.462
BS-3940-1003-P28,,470029.231,4349661.678,3941.030
BS-3940-1003-P29,,470026.610,4349667.724,3940.828
BS-3940-1003-P30,,470024.674,4349663.657,3940.754
BS-3940-1003-P31,,470020.337,4349666.969,3940.829
BS-3940-1003-P32,,470021.407,4349661.980,3940.971
BS-3940-1003-P33,,470017.777,4349663.221,3941.247
BS-3940-1003-P34,,470013.271,4349663.687,3942.038
BS-3940-1003-P35,,470015.017,4349659.529,3941.378
BS-3940-1003-P36,,470011.061,4349662.095,3941.640
BS-3940-1003-P37,,470009.598,4349659.416,3941.223
BS-3940-1003-P38,,470009.980,4349663.187,3941.973
