BS-3960-0922-P1,,470033.827,4349817.693,3955.477
BS-3960-0922-P2,,470031.918,4349815.430,3955.503
BS-3960-0922-P3,,470033.425,4349810.396,3955.706
BS-3960-0922-P4,,470029.208,4349810.172,3955.717
BS-3960-0922-P5,,470025.164,4349804.225,3955.675
BS-3960-0922-P6,,470030.174,4349804.781,3955.594
BS-3960-0922-P7,,470033.869,4349806.447,3955.818
BS-3960-0922-P8,,470031.418,4349799.587,3955.899
BS-3960-0922-P9,,470032.065,4349794.703,3956.277
BS-3960-0922-P10,,470027.980,4349794.179,3956.280
BS-3960-0922-P11,,470026.297,4349798.877,3955.917
BS-3960-0922-P12,,470020.622,4349797.938,3956.144
BS-3960-0922-P13,,470017.261,4349793.200,3957.086
BS-3960-0922-P14,,470022.107,4349793.783,3956.609
BS-3960-0922-P15,,470028.327,4349789.130,3957.099
BS-3960-0922-P16,,470024.037,4349788.105,3957.677
BS-3960-0922-P17,,470024.282,4349783.352,3957.863
BS-3960-0922-P18,,470020.402,4349783.163,3958.377
BS-3960-0922-P19,,470018.197,4349788.327,3957.859
BS-3960-0922-P20,,470013.457,4349786.731,3958.551
BS-3960-0922-P21,,470014.325,4349782.250,3959.359
BS-3960-0922-P22,,470019.458,4349777.949,3959.499
BS-3960-0922-P23,,470015.745,4349777.115,3959.613
BS-3960-0922-P24,,470008.975,4349781.423,3959.412
BS-3960-0922-P25,,470004.890,4349775.271,3959.793
BS-3960-0922-P26,,470010.550,4349776.252,3959.699
BS-3960-0922-P27,,470015.493,4349772.526,3959.915
BS-3960-0922-P28,,470011.853,4349771.027,3960.110
BS-3960-0922-P29,,470006.667,4349770.545,3959.982
BS-3960-0922-P30,,470001.382,4349769.610,3960.129
BS-3960-0922-P31,,470007.252,4349765.934,3960.366
BS-3960-0922-P32,,470002.675,4349764.496,3960.458
BS-3960-0922-P33,,470003.618,4349759.429,3960.440
BS-3960-0922-P34,,469997.014,4349763.848,3960.352
BS-3960-0922-P35,,469993.609,4349758.319,3960.311
BS-3960-0922-P36,,469998.782,4349758.456,3960.397
BS-3960-0922-P37,,469999.534,4349753.852,3960.506
BS-3960-0922-P38,,469994.573,4349753.062,3960.496
BS-3960-0922-P39,,469988.676,4349751.602,3960.539
BS-3960-0922-P40,,469995.431,4349748.370,3960.646
BS-3960-0922-P41,,469990.426,4349747.232,3960.732
BS-3960-0922-P42,,469985.184,4349746.438,3960.919
BS-3960-0922-P43,,469991.250,4349742.623,3960.746
BS-3960-0922-P44,,469986.782,4349741.432,3960.920
BS-3960-0922-P45,,469981.528,4349740.815,3961.007
BS-3960-0922-P46,,469986.645,4349737.874,3961.120
BS-3960-0922-P47,,469982.917,4349735.939,3960.936
BS-3960-0922-P48,,469977.508,4349735.025,3961.004
BS-3960-0922-P49,,469978.620,4349730.090,3960.813
BS-3960-0922-P50,,469973.472,4349729.289,3960.807
BS-3960-0922-P51,,469969.475,4349723.620,3960.423
BS-3960-0922-P52,,469974.686,4349724.032,3960.511
BS-3960-0922-P53,,469978.097,4349726.277,3960.799
BS-3960-0922-P54,,469975.815,4349719.822,3960.744
BS-3960-0922-P55,,469970.791,4349718.210,3960.603
BS-3960-0922-P56,,469965.578,4349717.752,3960.452
BS-3960-0922-P57,,469961.594,4349711.795,3960.750
BS-3960-0922-P58,,469967.002,4349712.135,3960.683
BS-3960-0922-P59,,469972.477,4349713.418,3960.656
BS-3960-0922-P60,,469976.170,4349714.821,3960.820