BS-3960-0928-P1,,469993.318,4349774.302,3961.311
BS-3960-0928-P2,,469990.526,4349770.222,3961.462
BS-3960-0928-P3,,469986.992,4349770.132,3961.569
BS-3960-0928-P4,,469988.636,4349765.291,3961.712
BS-3960-0928-P5,,469983.625,4349765.297,3961.842
BS-3960-0928-P6,,469984.512,4349760.801,3961.789
BS-3960-0928-P7,,469984.065,4349757.132,3961.870
BS-3960-0928-P8,,469980.323,4349761.739,3961.901
BS-3960-0928-P9,,469980.289,4349756.460,3962.125
BS-3960-0928-P10,,469975.642,4349756.838,3962.029
BS-3960-0928-P11,,469980.867,4349753.376,3961.950
BS-3960-0928-P12,,469976.403,4349751.950,3962.063
BS-3960-0928-P13,,469976.231,4349747.667,3962.334
BS-3960-0928-P14,,469970.811,4349752.885,3962.183
BS-3960-0928-P15,,469972.286,4349747.550,3962.374
BS-3960-0928-P16,,469967.295,4349748.116,3962.228
BS-3960-0928-P17,,469972.650,4349743.191,3962.187
BS-3960-0928-P18,,469968.278,4349742.800,3962.334
BS-3960-0928-P19,,469963.381,4349743.884,3962.048
BS-3960-0928-P20,,469959.076,4349739.355,3962.112
BS-3960-0928-P21,,469964.074,4349738.556,3961.911
BS-3960-0928-P22,,469969.861,4349737.684,3962.126
BS-3960-0928-P23,,469968.849,4349734.208,3961.942
BS-3960-0928-P24,,469965.828,4349733.600,3961.888
BS-3960-0928-P25,,469966.149,4349728.835,3961.957
BS-3960-0928-P26,,469962.032,4349729.074,3961.942
BS-3960-0928-P27,,469955.128,4349734.923,3962.147
BS-3960-0928-P28,,469960.754,4349734.099,3961.840
BS-3960-0928-P29,,469950.870,4349730.498,3962.004
BS-3960-0928-P30,,469956.646,4349729.591,3962.161
BS-3960-0928-P31,,469962.421,4349723.458,3962.249
BS-3960-0928-P32,,469957.382,4349724.325,3962.204
BS-3960-0928-P33,,469952.077,4349725.152,3962.389
BS-3960-0928-P34,,469947.142,4349725.978,3962.316
BS-3960-0928-P35,,469943.036,4349721.687,3962.527
BS-3960-0928-P36,,469948.718,4349720.462,3962.595
BS-3960-0928-P37,,469953.781,4349719.877,3962.295
BS-3960-0928-P38,,469957.909,4349719.416,3962.064
BS-3960-0928-P39,,469954.498,4349715.341,3962.321
BS-3960-0928-P40,,469949.551,4349715.608,3962.694
BS-3960-0928-P41,,469944.529,4349716.382,3963.025
BS-3960-0928-P42,,469939.227,4349717.262,3962.884
BS-3960-0928-P43,,469935.226,4349712.762,3962.898
BS-3960-0928-P44,,469936.190,4349707.627,3963.323
BS-3960-0928-P45,,469940.166,4349711.803,3962.604
BS-3960-0928-P46,,469945.810,4349710.876,3962.701
BS-3960-0928-P47,,469950.717,4349710.379,3962.556
BS-3960-0928-P48,,469947.168,4349705.501,3962.729
BS-3960-0928-P49,,469941.427,4349706.647,3962.996
BS-3960-0928-P50,,469931.128,4349708.405,3962.902
BS-3960-0928-P51,,469932.089,4349703.020,3963.257
BS-3960-0928-P52,,469937.338,4349702.236,3963.487
BS-3960-0928-P53,,469933.419,4349697.944,3963.548
BS-3960-0928-P54,,469927.928,4349698.365,3963.251
BS-3960-0928-P55,,469922.735,4349699.788,3963.275
BS-3960-0928-P56,,469919.075,4349695.077,3963.382
BS-3960-0928-P57,,469922.548,4349695.025,3963.091
BS-3960-0928-P58,,469929.073,4349693.083,3962.955
BS-3960-0928-P59,,469924.291,4349688.458,3963.304
BS-3960-0928-P60,,469920.297,4349689.592,3963.214
BS-3960-0928-P61,,469914.550,4349691.032,3963.466
BS-3960-0928-P62,,469910.822,4349687.458,3963.585
BS-3960-0928-P63,,469915.386,4349685.232,3963.341
BS-3960-0928-P64,,469913.941,4349683.823,3963.611
BS-3960-0928-P65,,469922.291,4349684.545,3963.275
BS-3960-0928-P66,,469925.323,4349681.709,3963.146
BS-3960-0928-P67,,469927.104,4349683.694,3962.976
BS-3960-0928-P68,,469928.814,4349680.722,3962.757
BS-3960-0928-P69,,469932.057,4349682.863,3962.669
BS-3960-0928-P70,,469938.332,4349680.609,3962.619
BS-3960-0928-P71,,469936.255,4349686.779,3962.376
BS-3960-0928-P72,,469935.357,4349692.580,3961.981
BS-3960-0928-P73,,469939.910,4349690.832,3961.936
BS-3960-0928-P74,,469942.718,4349694.970,3961.706
BS-3960-0928-P75,,469938.727,4349697.162,3961.675
BS-3960-0928-P76,,469942.422,4349701.615,3962.769
BS-3960-0928-P77,,469926.080,4349703.932,3963.027
BS-3960-0928-P78,,470101.001,4349818.014,3933.393
