BS-3960-1007-P1,,470001.423,4349840.673,3960.162
BS-3960-1007-P2,,469999.669,4349846.352,3960.038
BS-3960-1007-P3,,469997.338,4349852.285,3959.704
BS-3960-1007-P4,,469995.255,4349849.335,3960.312
BS-3960-1007-P5,,469988.110,4349845.353,3960.980
BS-3960-1007-P6,,469991.731,4349844.793,3960.959
BS-3960-1007-P7,,469995.275,4349842.430,3960.611
BS-3960-1007-P8,,469999.280,4349838.514,3960.111
BS-3960-1007-P9,,469994.557,4349837.928,3960.120
BS-3960-1007-P10,,469996.693,4349833.482,3959.995
BS-3960-1007-P11,,469993.632,4349833.073,3960.251
BS-3960-1007-P12,,469990.294,4349838.121,3960.069
BS-3960-1007-P13,,469984.730,4349840.291,3960.580
BS-3960-1007-P14,,469980.179,4349839.444,3960.695
BS-3960-1007-P15,,469983.210,4349834.877,3960.486
BS-3960-1007-P16,,469986.561,4349834.220,3960.668
BS-3960-1007-P17,,469996.354,4349828.778,3960.912
BS-3960-1007-P18,,469993.139,4349828.016,3961.007
