BS-3960-1009-P1,,469911.226,4349724.616,3961.655
BS-3960-1009-P2,,469916.071,4349730.138,3961.708
BS-3960-1009-P3,,469920.222,4349735.531,3961.750
BS-3960-1009-P4,,469925.123,4349740.549,3961.382
BS-3960-1009-P5,,469930.610,4349745.678,3961.221
BS-3960-1009-P6,,469934.573,4349750.923,3961.325
BS-3960-1009-P7,,469939.472,4349755.444,3961.382
BS-3960-1009-P8,,469944.537,4349760.707,3961.279
BS-3960-1009-P9,,469948.849,4349766.305,3961.123
BS-3960-1009-P10,,469954.179,4349766.155,3960.908
BS-3960-1009-P11,,469959.001,4349765.980,3961.003
BS-3960-1009-P12,,469959.333,4349772.162,3960.726
BS-3960-1009-P13,,469953.687,4349771.522,3960.841
BS-3960-1009-P14,,469958.219,4349776.900,3960.585
BS-3960-1009-P15,,469964.485,4349777.185,3960.541
BS-3960-1009-P16,,469964.038,4349771.062,3960.724
BS-3960-1009-P17,,469968.919,4349776.261,3960.495
BS-3960-1009-P18,,469968.592,4349781.827,3960.208
BS-3960-1009-P19,,469962.724,4349781.207,3960.429
BS-3960-1009-P20,,469967.977,4349786.890,3960.347
BS-3960-1009-P21,,469972.685,4349792.240,3960.329
BS-3960-1009-P22,,469973.471,4349786.756,3960.157
BS-3960-1009-P23,,469973.861,4349781.194,3960.049
BS-3960-1009-P24,,469977.902,4349791.961,3960.440
BS-3960-1009-P25,,469977.218,4349797.095,3960.423
BS-3960-1009-P26,,469982.557,4349797.190,3960.321
BS-3960-1009-P27,,469981.593,4349802.374,3960.328
BS-3960-1009-P28,,469986.806,4349801.806,3960.413
BS-3960-1009-P29,,469987.307,4349807.704,3960.315
BS-3960-1009-P30,,469991.798,4349807.429,3960.406
BS-3960-1009-P31,,469992.194,4349812.937,3959.920
BS-3960-1009-P32,,469996.631,4349812.853,3958.812
BS-3960-1009-P33,,469996.627,4349817.549,3958.533
BS-3960-1009-P34,,470001.762,4349817.326,3957.793
BS-3960-1009-P35,,470001.838,4349823.076,3956.717
BS-3960-1009-P36,,470006.419,4349822.709,3956.681
BS-3960-1009-P37,,470005.619,4349827.519,3956.741
BS-3960-1009-P38,,470010.484,4349828.517,3955.898
BS-3960-1009-P39,,470010.323,4349833.726,3954.789
BS-3960-1009-P40,,470013.771,4349838.299,3954.206
BS-3960-1009-P41,,470015.006,4349833.875,3955.036
BS-3960-1009-P42,,470016.065,4349827.875,3955.653
BS-3960-1009-P43,,470017.120,4349822.473,3955.920
BS-3960-1009-P44,,470022.152,4349821.815,3955.668
BS-3960-1009-P45,,470021.522,4349827.060,3955.184
BS-3960-1009-P46,,470025.309,4349823.718,3955.510
BS-3960-1009-P47,,470026.448,4349821.358,3955.590
BS-3960-1009-P48,,470022.692,4349817.003,3955.993
BS-3960-1009-P49,,470022.647,4349812.049,3956.145
BS-3960-1009-P50,,470017.964,4349817.118,3956.239
BS-3960-1009-P51,,470018.183,4349811.759,3956.181
BS-3960-1009-P52,,470021.634,4349808.812,3956.140
BS-3960-1009-P53,,470013.021,4349812.013,3956.379
BS-3960-1009-P54,,470019.250,4349806.873,3956.302
BS-3960-1009-P55,,470012.446,4349817.371,3956.545
BS-3960-1009-P56,,470011.603,4349823.084,3956.837
BS-3960-1009-P57,,470007.069,4349817.431,3956.798
BS-3960-1009-P58,,470007.686,4349812.253,3956.856
BS-3960-1009-P59,,470002.647,4349812.823,3957.641
BS-3960-1009-P60,,470007.007,4349807.863,3956.946
BS-3960-1009-P61,,470013.452,4349806.688,3956.518
BS-3960-1009-P62,,470017.796,4349802.691,3956.435
BS-3960-1009-P63,,470014.268,4349801.414,3956.624
BS-3960-1009-P64,,470013.744,4349798.046,3956.953
BS-3960-1009-P65,,470008.225,4349801.535,3956.835
BS-3960-1009-P66,,470003.781,4349801.530,3957.758
BS-3960-1009-P67,,470009.514,4349796.693,3957.532
BS-3960-1009-P68,,470004.175,4349806.834,3957.406
BS-3960-1009-P69,,469997.178,4349807.529,3959.553
BS-3960-1009-P70,,469998.106,4349802.589,3959.322
BS-3960-1009-P71,,470004.102,4349797.027,3957.901
BS-3960-1009-P72,,470008.354,4349792.567,3958.117
BS-3960-1009-P73,,469998.185,4349796.566,3958.884
BS-3960-1009-P74,,470004.417,4349791.082,3958.742
BS-3960-1009-P75,,470004.430,4349787.413,3959.315
BS-3960-1009-P76,,469999.079,4349791.762,3959.393
BS-3960-1009-P77,,469999.416,4349786.320,3959.824
BS-3960-1009-P78,,470000.468,4349783.708,3959.984
BS-3960-1009-P79,,469994.137,4349791.620,3959.677
BS-3960-1009-P80,,469992.641,4349797.090,3960.290
BS-3960-1009-P81,,469994.255,4349786.232,3960.067
BS-3960-1009-P82,,469993.747,4349782.235,3960.148
BS-3960-1009-P83,,469993.706,4349782.189,3960.121
BS-3960-1009-P84,,469989.332,4349786.497,3960.024
BS-3960-1009-P85,,469988.598,4349791.546,3960.088
BS-3960-1009-P86,,469987.845,4349797.648,3960.418
BS-3960-1009-P87,,469982.981,4349791.827,3960.319
BS-3960-1009-P88,,469983.500,4349786.477,3960.113
BS-3960-1009-P89,,469989.749,4349780.831,3960.154
BS-3960-1009-P90,,469984.273,4349781.303,3960.169
BS-3960-1009-P91,,469979.874,4349781.575,3960.243
BS-3960-1009-P92,,469978.467,4349786.798,3960.186
BS-3960-1009-P93,,469974.897,4349776.639,3960.401
BS-3960-1009-P94,,469979.398,4349776.295,3960.702
BS-3960-1009-P95,,469984.528,4349776.148,3960.419
BS-3960-1009-P96,,469979.410,4349771.706,3960.888
BS-3960-1009-P97,,469974.563,4349770.853,3960.764
BS-3960-1009-P98,,469969.973,4349771.260,3960.646
BS-3960-1009-P99,,469974.770,4349765.703,3960.673
BS-3960-1009-P100,,469970.094,4349765.753,3960.712
BS-3960-1009-P101,,469965.022,4349766.266,3960.844
BS-3960-1009-P102,,469969.631,4349761.492,3960.905
BS-3960-1009-P103,,469965.477,4349760.449,3961.086
BS-3960-1009-P104,,469964.867,4349756.548,3960.936
BS-3960-1009-P105,,469960.390,4349761.241,3960.926
BS-3960-1009-P106,,469954.943,4349760.695,3961.061
BS-3960-1009-P107,,469960.617,4349755.542,3960.995
